0001000111010001
1000111111110110
0111110100011110
1001001110010111
1011001010111111
1101010011011001
1011100001010000
0011010011000011
0101101010101001
1000111000110101
1111001000100011
1101110001010100
1101011010011101
1010000101111111
0010001110110100
1111011111110000
0110100011111010
1001101010101101
0110110110011100
0011110111001100
0111000000001011
1110010111001000
1101010111101100
0101111100100110
0111111001000111
0001000011110110
1110010110111001
1100101101000101
0011010111011011
1000101001101100
0010000101010001
0010111110001001
0000111000011101
0111100011011001
1000011011001100
0000001011100111
0111001110100010
0101000000100000
1010111011000101
1001101000101110
1011001101010111
0101101001101001
1101000010011101
1011111011011101
1100001111000111
1111011100010110
1101100111110001
1001100101111010
0001000000110110
1111001011011100
1001110110101110
1000001010111011
0011011100010101
1000110100001000
0101010010100010
1000101000101101
0110000100111101
0001010001011111
0100111001001000
0101011011100110
1110101001011110
0111000000111111
0010010100001001
1101010000001110
