0000000000001100
1011011001110111
1111010100010111
1010111100101100
1000000110111110
0010100100010110
1010100101000100
0110110100011000
1001010000011010
0010000101001001
0011110011010001
1101010110111001
0000101000110010
0101001101001011
0111110100010010
1110011111000111
0000100010010100
0101101000100010
1101111110110110
1111000011011000
0101010111111111
0110101000101111
0111001010110111
1001001101000001
1100100111100000
0000001111000010
0001101101101001
0011001001100001
0100000111000011
1101010100011001
1110111101110010
1110101010110010
0111110000001100
0110010001000011
0110001111100100
1101101111001110
1001011110011101
1101000010110000
0011010110001100
0001010000010010
1000111110010101
1101011111101110
0000011100100011
0010111010011110
1101011010010111
0001111000001110
1111110110101110
0111100111011110
0011101110001101
0000001100110110
0001001101110101
1010100010010101
0100111010010100
1100111001101100
0110010110011000
0110100101100000
1110001101010000
0111101101110100
0110011111101110
0011110011001000
1001001110110011
1011001110001110
1111010100100000
0001001000001010
