1100111000001011
1000111010000001
1110001011001001
0101000100010000
1000111000100011
0100100111101011
1011111111001111
1000011111000101
0010000011101100
0110000011011011
0000101110111001
1110010001010110
0000011000001100
0000100000010111
1010010101000011
1000001001011011
1000110000110100
1110110010100010
1101010100111010
1010101100100000
0101100101010100
1110001010101111
0100111101101110
1000010010010111
0010000011011001
0011011100000101
0111000010100010
1110010111110000
1110011111001101
1001000101011101
1111011010000010
0010101010110011
0101111010011000
1011010100110000
1111100110101000
1101101111100010
0100000010011011
1001110101111111
0110111001111101
0000001100000011
1111000100001110
1011011011100111
1100111000010001
0100100011011101
1111100100000110
0001000100010111
1000110010111100
0010110101100010
0101110010011000
1011011110100000
0100010110111101
0100000010011111
0100000101000000
0100100001110100
1110001010001101
0000011101010100
0001000101110111
1011000101100111
1001101110000001
1011101110110001
1110101101000111
0001101011001011
1000011011001001
0111000110010110
