1000100000101001
0010011110110010
0000101000101001
0001100110101111
1001010001110110
1110001010010100
0111000011100011
0111110000011011
0011110001111110
1000100010110110
0000011111100000
0010111110111110
1011000011110010
1001010000011111
0100110111110001
1100100000110001
0001110010101000
1101110100011011
0110001001010011
1010000101101000
1110001011011010
1011001101000101
1100001001101011
1010111010111001
1011000100010011
1110101001110100
1011111010010001
0011001010010101
0110011100010110
1000000011010010
0101000100111000
0100001010101101
0001001001010100
1010100000101001
0111111100001000
0110001001011000
1011111000000110
1011000011001101
0100100000101100
1000001000000100
0010000001000010
0011010111010100
1000000110101100
0110110001111001
1000001001011001
0011001100100110
1011000000100000
0010001011011000
0100101101011000
0001100010001010
0100010000010011
0011001101001111
1001111100001001
1100001000010110
0010010011001110
0110101001011111
0000011000110000
0000110001111111
1101110011011100
1101110011000001
1010000011110010
1110010101110101
1000100110010110
0111101011001100
